hlayer2:{0: [2.230877014629875, 0.027302334915964066, -0.49692261816003613], 1: [2.0457986374945256, 1.8432229006573855, -0.14537849164916908]}
olayer:{0: [-1.5664750359284798, 1.4365155420709619]}
hlayer1:{0: [1.3242576330803302, 1.2448806382507598, -1.686159544251219], 1: [2.584380449274183, 2.6859912949077214, -0.49384203164456175]}
